20
20
20
20
20
25
25
25
25
1
18
25
12
25
5
20
20
20
20
160
160
29
29
29
29
12
12
12
12
12
12
12
12
12
29
29
29
29
12
12
12
12
12
12
12
12
12
30
30
30
29
29
29
29
29
29
29
29
29
29
29
12
12
12
12
12
12
12
12
12
30
30
30
30
30
30
30
30
30
20
34
34
35
36
35
35
35
36
35
39
39
38
39
35
36
38
39
80
18
20
40
38
39
20
15
20
20
20
18
18
18
20
12
18
12
12
18
18
18
18
18
18
36
18
16
18
9
9
10
29
12
36
35
35
15
8
1
9
9
5
1
9
9
10
10
9
9
20
20
19
20
20
19
10
10
12
12
8
8
2
2
6
10
5
22
24
24
24
30
30
15
25
36
22
30
24
24
30
24
24
30
20
30
20
24
20
20
30
50
25
15
15
20
20
25
30
25
25
20
15
25
20
15
15
15
15
15
20
20
30
30
30
15
1
20
15
15
15
3
10
10
10
20
25
15
5
5
10
28
10
10
10
20
20
20
10
5
10
5
5
5
10
10
5
5
1
25
20
20
16
16
32
32
16
16
16
16
32
32
30
30
30
30
30
16
16
16
16
16
16
16
16
32
16
32
32
16
16
32
16
16
16
32
32
14
14
14
22
22
22
24
12
12
24
0
16
20
15
15
20
15
20
20
20
20
20
20
20
20
20
20
8
8
20
20
30
15
30
20
30
30
30
20
30
25
28
20
20
20
20
1
10
30
20
16
8
10
10
10
10
20
25
24
20
20
20
20
12
12
12
12
20
15
20
15
6
12
12
10
12
12
12
12
32
32
32
32
32
16
16
16
16
16
16
16
16
16
16
32
32
16
16
16
16
16
32
32
32
14
14
14
14
14
14
14
18
20
10
10
30
10
10
30
18
10
10
20
20
10
10
30
12
12
1
6
20
20
6
20
20
6
20
20
6
36
36
36
6
36
36
36
36
22
36
6
30
30
30
30
30
30
30
25
35
24
30
30
30
30
22
22
22
15
24
32
32
24
24
28
24
24
24
28
30
30
24
12
12
12
24
24
12
12
12
30
22
22
22
20
12
20
20
22
22
22
22
22
22
20
15
20
20
20
15
11
20
20
20
22
20
20
25
30
36
24
32
32
25
32
32
32
32
25
32
32
32
24
30
30
30
30
25
30
32
32
25
30
25
25
20
20
0
25
16
16
16
16
35
16
16
16
16
12
12
25
25
20
20
35
35
35
25
24
35
16
16
16
16
35
35
35
35
35
35
35
35
35
35
18
30
18
18
30
30
30
30
30
30
30
30
30
30
36
30
30
30
30
30
30
30
30
35
22
35
30
22
30
25
15
24
24
24
24
24
22
36
36
25
28
30
30
20
20
30
30
20
20
30
25
30
20
20
30
25
15
30
30
30
15
15
25
15
15
15
20
30
30
30
30
20
6
6
25
10
10
10
12
12
10
18
18
18
18
24
18
18
30
22
22
22
24
24
30
25
25
25
25
25
16
20
70
24
25
24
24
24
25
25
25
25
25
25
25
25
25
25
25
25
25
25
25
25
25
25
25
25
25
25
25
25
25
25
25
25
25
25
25
25
25
18
18
24
18
18
18
18
22
22
22
22
22
22
22
22
22
22
22
15
20
28
6
28
28
28
28
20
20
15
28
28
20
28
10
28
20
20
22
14
20
11
30
30
20
20
10
24
36
36
36
20
24
20
20
20
20
22
12
20
0
100
100
20
85
85
85
85
85
85
45
45
45
45
86
86
86
15
28
15
27
27
30
30
28
28
28
20
27
10
30
24
30
20
25
20
20
20
20
28
50
86
25
86
25
1
86
86
22
86
86
30
50
50
30
8
30
12
10
3
24
10
5
5
10
10
90
90
90
90
90
90
90
10
12
6
10
10
5
5
30
15
50
35
30
25
25
36
20
20
20
30
24
30
1
0
18
30
1
1
5
20
20
20
20
20
32
20
1
10
10
10
10
10
1
30
30
30
30
30
30
16
16
16
16
16
16
16
16
16
16
16
16
22
25
25
25
25
25
25
25
75
1
24
10
10
10
75
1
24
24
24
24
24
24
24
24
24
24
24
24
24
24
24
24
24
15
25
24
24
24
24
24
16
24
24
24
24
1
20
25
20
25
25
43
22
24
5
30
24
15
18
1
75
1
90
22
40
25
30
30
25
15
15
15
5
5
5
20
20
30
30
15
6
1
20
24
22
22
22
22
22
22
22
22
22
22
22
22
22
22
22
22
22
22
22
22
22
22
22
22
22
22
22
22
25
25
25
25
25
25
25
25
25
15
30
30
30
10
36
36
10
24
24
32
40
40
24
24
24
8
14
7
14
28
14
22
22
40
10
10
5
25
25
25
22
25
25
25
50
40
15
18
18
18
18
25
25
30
25
20
15
22
20
14
25
40
25
195
25
10
